Frame_1 0.1748366 0.2401961 0.5163399 0.7532680 0.4738562 0.6960784 0.3970588 0.2810458
Frame_2 0.1650327 0.2238562 0.5163399 0.8039216 0.4787582 0.6960784 0.3954248 0.2745098
Frame_3 0.1911765 0.2450980 0.5065359 0.8153595 0.4722222 0.6960784 0.3937908 0.2810458
Frame_4 0.1552288 0.2483660 0.5065359 0.7696078 0.4722222 0.6895425 0.3970588 0.2859477
Frame_5 0.1568627 0.2483660 0.5098039 0.7794118 0.4738562 0.6846405 0.3937908 0.2777778
Frame_6 0.1601307 0.2369281 0.5065359 0.7647059 0.4787582 0.6846405 0.4003268 0.2728758
Frame_7 0.1666667 0.2238562 0.5163399 0.8104575 0.4820261 0.6813725 0.3954248 0.2712418
Frame_8 0.1486928 0.2303922 0.5294118 0.7794118 0.4836601 0.6715686 0.3921569 0.2696078
Frame_9 0.1519608 0.2156863 0.5310458 0.7859477 0.4836601 0.6650327 0.3905229 0.2647059
Frame_10 0.1535948 0.2222222 0.5081699 0.7859477 0.4803922 0.6650327 0.3954248 0.2614379
Frame_11 0.1650327 0.2222222 0.5228758 0.7875817 0.4836601 0.6650327 0.3954248 0.2630719
Frame_12 0.1552288 0.2140523 0.5375817 0.7941176 0.4869281 0.6617647 0.3954248 0.2614379
Frame_13 0.1617647 0.2009804 0.5457516 0.7777778 0.4918301 0.6503268 0.3937908 0.2598039
Frame_14 0.1732026 0.2254902 0.5326797 0.7892157 0.4950980 0.6290850 0.3872549 0.2647059
Frame_15 0.1699346 0.2156863 0.5408497 0.7957516 0.5000000 0.6029412 0.3823529 0.2630719
Frame_16 0.1699346 0.2238562 0.5392157 0.7843137 0.4967320 0.5931373 0.3660131 0.2761438
Frame_17 0.2189542 0.3251634 0.5228758 0.7794118 0.4869281 0.5196078 0.3382353 0.3578431
Frame_18 0.2385621 0.3349673 0.5147059 0.7924837 0.4754902 0.5065359 0.3382353 0.3823529
Frame_19 0.2320261 0.3545752 0.5114379 0.8055556 0.4705882 0.4934641 0.3382353 0.4019608
Frame_20 0.1830065 0.2352941 0.5539216 0.7647059 0.5114379 0.5866013 0.3643791 0.2777778
Frame_21 0.1764706 0.2091503 0.5441176 0.7663399 0.5000000 0.6078431 0.3888889 0.2385621
Frame_22 0.1601307 0.1879085 0.5457516 0.8169935 0.4918301 0.6062092 0.4003268 0.2352941
Frame_23 0.1519608 0.1830065 0.5408497 0.7794118 0.4869281 0.6143791 0.4052288 0.2238562
Frame_24 0.1535948 0.1584967 0.5310458 0.7924837 0.4705882 0.6209150 0.4101307 0.2189542
Frame_25 0.1683007 0.1715686 0.5163399 0.7761438 0.4656863 0.6307190 0.4215686 0.2173203
Frame_26 0.1617647 0.1797386 0.5032680 0.7450980 0.4558824 0.6405229 0.4313725 0.2303922
Frame_27 0.1241830 0.1748366 0.5098039 0.7859477 0.4526144 0.6552288 0.4264706 0.2287582
Frame_28 0.1503268 0.1666667 0.4950980 0.7973856 0.4411765 0.6732026 0.4362745 0.2418301
Frame_29 0.1421569 0.2009804 0.4885621 0.7973856 0.4379085 0.6748366 0.4362745 0.2418301
Frame_30 0.1617647 0.2026144 0.4885621 0.7810458 0.4346405 0.6813725 0.4346405 0.2483660
Frame_31 0.1584967 0.2091503 0.4836601 0.7957516 0.4281046 0.6846405 0.4313725 0.2581699
Frame_32 0.1437908 0.1862745 0.5081699 0.7892157 0.4264706 0.6911765 0.4346405 0.2483660
Frame_33 0.1470588 0.2075163 0.5032680 0.7810458 0.4281046 0.6928105 0.4346405 0.2483660
Frame_34 0.1535948 0.2107843 0.5000000 0.8137255 0.4281046 0.6879085 0.4330065 0.2500000
Frame_35 0.1437908 0.2026144 0.5163399 0.7745098 0.4264706 0.6830065 0.4330065 0.2516340
Frame_36 0.1356209 0.2009804 0.5032680 0.7745098 0.4281046 0.6928105 0.4313725 0.2500000
Frame_37 0.1470588 0.2140523 0.5016340 0.7777778 0.4313725 0.7009804 0.4362745 0.2483660
Frame_38 0.1732026 0.2336601 0.4852941 0.7663399 0.4330065 0.7058824 0.4248366 0.2614379
Frame_39 0.1568627 0.2581699 0.4869281 0.7875817 0.4460784 0.7336601 0.4199346 0.2843137
Frame_40 0.1519608 0.2532680 0.4803922 0.8039216 0.4411765 0.7352941 0.4199346 0.2973856
Frame_41 0.1470588 0.2679739 0.5016340 0.8186275 0.4493464 0.7450980 0.4166667 0.3071895
Frame_42 0.1683007 0.2712418 0.5261438 0.7990196 0.4787582 0.7026144 0.3921569 0.3218954
Frame_43 0.2238562 0.2401961 0.5669935 0.7271242 0.5114379 0.5833333 0.3823529 0.2908497
Frame_44 0.2385621 0.2336601 0.5522876 0.7173203 0.5114379 0.5980392 0.3856209 0.2777778
Frame_45 0.2189542 0.1944444 0.5555556 0.7483660 0.5032680 0.5980392 0.4101307 0.2549020
Frame_46 0.1650327 0.1781046 0.5669935 0.7843137 0.4967320 0.6192810 0.4362745 0.2401961
Frame_47 0.2009804 0.1699346 0.5669935 0.7581699 0.4885621 0.6339869 0.5000000 0.2385621
Frame_48 0.1911765 0.1633987 0.5833333 0.7712418 0.4934641 0.6503268 0.5081699 0.2401961
Frame_49 0.2826797 0.2254902 0.6356209 0.7761438 0.5539216 0.6977124 0.5359477 0.2924837
Frame_50 0.2924837 0.2369281 0.6372549 0.7941176 0.5637255 0.6977124 0.5277778 0.3022876
