Frame_1 0.0980392 0.1781046 0.4705882 0.6683007 0.4297386 0.5032680 0.2598039 0.2189542
Frame_2 0.1323529 0.2124183 0.4656863 0.7009804 0.4313725 0.4803922 0.2549020 0.2467320
Frame_3 0.1519608 0.2320261 0.4640523 0.6862745 0.4281046 0.4656863 0.2516340 0.2745098
Frame_4 0.1470588 0.2565359 0.4640523 0.6388889 0.4297386 0.4591503 0.2532680 0.2924837
Frame_5 0.1437908 0.2630719 0.4754902 0.6862745 0.4281046 0.4493464 0.2516340 0.3039216
Frame_6 0.1650327 0.2826797 0.4787582 0.6650327 0.4313725 0.4607843 0.2565359 0.3235294
Frame_7 0.1486928 0.3022876 0.4852941 0.6699346 0.4248366 0.4591503 0.2565359 0.3431373
Frame_8 0.1454248 0.3071895 0.4836601 0.6437908 0.4362745 0.4705882 0.2598039 0.3545752
Frame_9 0.1437908 0.2859477 0.4754902 0.8137255 0.4330065 0.4754902 0.2581699 0.3464052
Frame_10 0.1029412 0.2026144 0.4771242 0.8398693 0.4362745 0.4803922 0.2516340 0.2336601
Frame_11 0.1143791 0.1405229 0.4885621 0.7924837 0.4362745 0.4918301 0.2565359 0.2009804
Frame_12 0.1127451 0.1127451 0.4852941 0.7679739 0.4379085 0.5081699 0.2712418 0.1699346
Frame_13 0.0767974 0.0931373 0.4803922 0.7924837 0.4444444 0.5277778 0.2941176 0.1519608
Frame_14 0.1797386 0.1062092 0.5490196 0.8382353 0.4722222 0.6584967 0.5049020 0.1781046
Frame_15 0.1633987 0.1258170 0.5735294 0.8006536 0.4836601 0.6519608 0.5228758 0.1797386
Frame_16 0.1764706 0.1143791 0.5751634 0.8725490 0.4787582 0.6830065 0.5359477 0.1797386
Frame_17 0.1911765 0.1078431 0.6062092 0.8496732 0.4967320 0.6764706 0.5522876 0.1764706
Frame_18 0.2058824 0.1323529 0.6029412 0.8120915 0.5049020 0.6617647 0.5571895 0.1699346
Frame_19 0.1911765 0.1176471 0.6290850 0.8300654 0.5114379 0.6617647 0.5653595 0.1732026
Frame_20 0.2287582 0.0915033 0.6454248 0.8611111 0.5228758 0.6552288 0.5849673 0.1781046
Frame_21 0.2336601 0.1274510 0.6486928 0.8071895 0.5212418 0.6519608 0.5931373 0.1748366
Frame_22 0.2385621 0.1241830 0.6535948 0.8545752 0.5294118 0.6568627 0.6013072 0.1830065
Frame_23 0.2745098 0.1405229 0.6617647 0.8153595 0.5784314 0.6552288 0.6127451 0.1764706
Frame_24 0.2679739 0.1323529 0.6715686 0.7941176 0.6045752 0.6650327 0.6094771 0.1797386
Frame_25 0.2875817 0.1421569 0.6797386 0.7794118 0.6339869 0.6732026 0.5947712 0.1911765
Frame_26 0.3218954 0.1470588 0.6862745 0.8218954 0.6421569 0.6650327 0.5882353 0.1944444
Frame_27 0.2957516 0.1535948 0.6977124 0.7777778 0.6519608 0.6601307 0.5931373 0.2009804
Frame_28 0.3006536 0.1372549 0.7091503 0.7450980 0.6601307 0.6552288 0.6045752 0.2009804
Frame_29 0.3431373 0.1372549 0.7287582 0.7598039 0.6699346 0.6454248 0.5882353 0.1977124
Frame_30 0.2924837 0.1486928 0.7271242 0.7745098 0.6748366 0.6519608 0.5800654 0.2058824
Frame_31 0.3937908 0.1683007 0.7205882 0.7679739 0.6813725 0.6421569 0.5833333 0.2189542
Frame_32 0.3823529 0.1879085 0.7287582 0.7385621 0.6764706 0.6388889 0.5816993 0.2385621
Frame_33 0.3888889 0.2075163 0.7369281 0.7565359 0.6846405 0.6601307 0.5816993 0.2663399
Frame_34 0.4084967 0.2549020 0.7385621 0.8006536 0.6960784 0.6781046 0.5833333 0.2957516
Frame_35 0.3676471 0.2777778 0.7336601 0.8218954 0.6928105 0.6895425 0.5898693 0.3251634
Frame_36 0.3692810 0.2892157 0.7549020 0.8088235 0.6928105 0.6928105 0.5882353 0.3464052
Frame_37 0.4101307 0.3251634 0.7483660 0.8349673 0.7042484 0.7091503 0.5931373 0.3692810
Frame_38 0.3611111 0.3169935 0.7663399 0.8643791 0.6993464 0.7042484 0.5915033 0.3839869
Frame_39 0.4166667 0.3529412 0.7401961 0.8022876 0.6977124 0.7009804 0.5947712 0.3970588
Frame_40 0.3692810 0.3267974 0.7401961 0.8398693 0.6895425 0.7173203 0.5931373 0.3888889
Frame_41 0.3692810 0.3267974 0.7581699 0.8431373 0.6977124 0.7189542 0.5964052 0.3839869
Frame_42 0.3431373 0.3153595 0.7565359 0.8366013 0.6944444 0.7238562 0.6013072 0.3709150
Frame_43 0.3431373 0.3120915 0.7434641 0.8562092 0.6879085 0.7598039 0.6029412 0.3611111
Frame_44 0.3562092 0.2892157 0.7303922 0.8872549 0.6732026 0.7892157 0.6290850 0.3562092
Frame_45 0.2908497 0.2663399 0.7434641 0.8937908 0.6584967 0.8022876 0.6535948 0.3594771
Frame_46 0.3120915 0.2777778 0.7385621 0.8888889 0.6339869 0.7565359 0.6862745 0.3300654
Frame_47 0.2794118 0.2254902 0.7532680 0.8823529 0.6339869 0.7320261 0.6960784 0.3137255
Frame_48 0.3513072 0.0816993 0.8169935 0.7549020 0.7173203 0.5767974 0.6846405 0.1552288
Frame_49 0.3692810 0.1372549 0.8088235 0.7287582 0.7401961 0.5767974 0.6225490 0.2156863
Frame_50 0.4101307 0.2238562 0.7990196 0.7777778 0.7532680 0.5898693 0.6029412 0.2663399
