Frame_1 0.2581699 0.3251634 0.6225490 0.8088235 0.3284314 0.6225490 0.3120915 0.3790850
Frame_2 0.2500000 0.3284314 0.6029412 0.8169935 0.3218954 0.6160131 0.3055556 0.3741830
Frame_3 0.2679739 0.3055556 0.5620915 0.7549020 0.3137255 0.6013072 0.3218954 0.3545752
Frame_4 0.2483660 0.3071895 0.5931373 0.7450980 0.3120915 0.5800654 0.3267974 0.3398693
Frame_5 0.2483660 0.3039216 0.5996732 0.7549020 0.3071895 0.5669935 0.3366013 0.3529412
Frame_6 0.2450980 0.2647059 0.6078431 0.7696078 0.3169935 0.5408497 0.3643791 0.3251634
Frame_7 0.2696078 0.2810458 0.5702614 0.7418301 0.3202614 0.5130719 0.3774510 0.3120915
Frame_8 0.2630719 0.2271242 0.5800654 0.7565359 0.3300654 0.4869281 0.3954248 0.3039216
Frame_9 0.2679739 0.2254902 0.5947712 0.7401961 0.3415033 0.4591503 0.4281046 0.3006536
Frame_10 0.4068627 0.2745098 0.6846405 0.8104575 0.4624183 0.4493464 0.5686275 0.3120915
Frame_11 0.4117647 0.2385621 0.7369281 0.8562092 0.4901961 0.4803922 0.5833333 0.3006536
Frame_12 0.4575163 0.2647059 0.7532680 0.9248366 0.5065359 0.5049020 0.5800654 0.3071895
Frame_13 0.4836601 0.2679739 0.7875817 0.9542484 0.5261438 0.5212418 0.5915033 0.3104575
Frame_14 0.4771242 0.2941176 0.8251634 0.9346405 0.5424837 0.5310458 0.6127451 0.3447712
Frame_15 0.4738562 0.2957516 0.8464052 0.9330065 0.5653595 0.5506536 0.6323529 0.3562092
Frame_16 0.5081699 0.3235294 0.8496732 0.9705882 0.5784314 0.5686275 0.6470588 0.3725490
Frame_17 0.5261438 0.3153595 0.8758170 0.9526144 0.5915033 0.5784314 0.6584967 0.3758170
Frame_18 0.5424837 0.3218954 0.8725490 0.9820261 0.6029412 0.5996732 0.6797386 0.3823529
Frame_19 0.5522876 0.3415033 0.8839869 0.9836601 0.6045752 0.5882353 0.6846405 0.4101307
Frame_20 0.5751634 0.3692810 0.8725490 0.9885621 0.6258170 0.6078431 0.6895425 0.4133987
Frame_21 0.5833333 0.3807190 0.8807190 0.9950980 0.6274510 0.6143791 0.7009804 0.4232026
Frame_22 0.5931373 0.3741830 0.8790850 0.9689542 0.6421569 0.5996732 0.7450980 0.4362745
Frame_23 0.5898693 0.3300654 0.8692810 0.9232026 0.6290850 0.5049020 0.7320261 0.3725490
Frame_24 0.5800654 0.3169935 0.8839869 0.9509804 0.6323529 0.5277778 0.7205882 0.3562092
Frame_25 0.5604575 0.3039216 0.8856209 0.9330065 0.6209150 0.5228758 0.7026144 0.3415033
Frame_26 0.5735294 0.2859477 0.8872549 0.9281046 0.6176471 0.5424837 0.6911765 0.3513072
Frame_27 0.5718954 0.2875817 0.8937908 0.9330065 0.6176471 0.5506536 0.6797386 0.3480392
Frame_28 0.5702614 0.3022876 0.8807190 0.9281046 0.6209150 0.5506536 0.6813725 0.3545752
Frame_29 0.5669935 0.2892157 0.8921569 0.9411765 0.6111111 0.5424837 0.6813725 0.3496732
Frame_30 0.5767974 0.2859477 0.8709150 0.9395425 0.6225490 0.5326797 0.7026144 0.3480392
Frame_31 0.5784314 0.3022876 0.8513072 0.9215686 0.6176471 0.5147059 0.7140523 0.3496732
Frame_32 0.5228758 0.3447712 0.7957516 0.9836601 0.5604575 0.5539216 0.6666667 0.4117647
Frame_33 0.5081699 0.3562092 0.8006536 0.9624183 0.5555556 0.5669935 0.6486928 0.3954248
Frame_34 0.5049020 0.3529412 0.7712418 0.9738562 0.5343137 0.5653595 0.6127451 0.3856209
Frame_35 0.4918301 0.3431373 0.7990196 0.9852941 0.5261438 0.5784314 0.6062092 0.3856209
Frame_36 0.4656863 0.3039216 0.7892157 0.9673203 0.5130719 0.5751634 0.5980392 0.3872549
Frame_37 0.4705882 0.3447712 0.7598039 0.9640523 0.5114379 0.5784314 0.5767974 0.3790850
Frame_38 0.4705882 0.3137255 0.7598039 0.9591503 0.5049020 0.5702614 0.5555556 0.3774510
Frame_39 0.4313725 0.3316993 0.7483660 0.9918301 0.4820261 0.5718954 0.5424837 0.3709150
Frame_40 0.3169935 0.3153595 0.6176471 0.9836601 0.3660131 0.5571895 0.4526144 0.3709150
Frame_41 0.1960784 0.4101307 0.4967320 1.0000000 0.2320261 0.5980392 0.3692810 0.4673203
Frame_42 0.1895425 0.3807190 0.4934641 1.0000000 0.2401961 0.6143791 0.3545752 0.4509804
Frame_43 0.1911765 0.3790850 0.4722222 1.0000000 0.2352941 0.6356209 0.3169935 0.4379085
Frame_44 0.1666667 0.3676471 0.5277778 1.0000000 0.2369281 0.6339869 0.3202614 0.4199346
Frame_45 0.2042484 0.3774510 0.4738562 1.0000000 0.2385621 0.6503268 0.2924837 0.4313725
Frame_46 0.1928105 0.4003268 0.4820261 1.0000000 0.2287582 0.5800654 0.3349673 0.4428105
Frame_47 0.2042484 0.3676471 0.5032680 1.0000000 0.2401961 0.5947712 0.3398693 0.4183007
Frame_48 0.2189542 0.3660131 0.5179739 1.0000000 0.2630719 0.6078431 0.3578431 0.4068627
Frame_49 0.2565359 0.3251634 0.5457516 1.0000000 0.2924837 0.5866013 0.3725490 0.3774510
Frame_50 0.2924837 0.3251634 0.5571895 1.0000000 0.3186275 0.5718954 0.4199346 0.3741830
