Frame_1 0.1535948 0.1258170 0.5424837 0.6944444 0.2058824 0.5637255 0.2679739 0.2026144
Frame_2 0.1797386 0.1617647 0.5359477 0.6584967 0.2107843 0.5702614 0.2843137 0.2042484
Frame_3 0.1568627 0.1421569 0.5473856 0.6960784 0.2140523 0.5604575 0.2941176 0.2173203
Frame_4 0.1781046 0.1993464 0.5375817 0.6846405 0.2107843 0.5588235 0.3169935 0.2516340
Frame_5 0.1911765 0.1437908 0.5653595 0.6993464 0.2254902 0.5408497 0.3186275 0.1862745
Frame_6 0.1895425 0.0898693 0.6029412 0.6911765 0.2336601 0.5653595 0.3039216 0.1568627
Frame_7 0.2009804 0.1078431 0.5816993 0.6830065 0.2434641 0.5604575 0.3039216 0.1584967
Frame_8 0.2124183 0.1062092 0.5718954 0.7009804 0.2532680 0.5653595 0.3088235 0.1568627
Frame_9 0.2091503 0.1209150 0.6094771 0.7042484 0.2549020 0.5686275 0.3251634 0.1650327
Frame_10 0.2320261 0.1241830 0.6062092 0.6519608 0.2647059 0.5686275 0.3382353 0.1732026
Frame_11 0.2107843 0.1225490 0.6356209 0.7516340 0.2663399 0.5735294 0.3562092 0.1911765
Frame_12 0.2205882 0.2516340 0.6470588 0.7173203 0.2794118 0.6045752 0.3872549 0.3267974
Frame_13 0.2026144 0.2712418 0.6470588 0.7516340 0.2843137 0.6078431 0.3986928 0.3447712
Frame_14 0.2924837 0.1879085 0.6699346 0.7271242 0.3202614 0.5767974 0.4215686 0.2565359
Frame_15 0.2794118 0.1388889 0.6732026 0.6911765 0.3316993 0.5784314 0.4346405 0.2287582
Frame_16 0.2843137 0.1552288 0.6650327 0.7107843 0.3382353 0.5686275 0.4297386 0.2075163
Frame_17 0.2973856 0.1405229 0.6911765 0.7140523 0.3431373 0.5604575 0.4313725 0.1944444
Frame_18 0.3071895 0.1290850 0.6911765 0.6830065 0.3529412 0.5506536 0.4330065 0.1813725
Frame_19 0.3316993 0.1176471 0.6977124 0.6650327 0.3676471 0.5392157 0.4346405 0.1683007
Frame_20 0.3088235 0.1062092 0.7532680 0.6650327 0.3725490 0.5343137 0.4362745 0.1601307
Frame_21 0.3366013 0.1029412 0.7238562 0.6797386 0.3692810 0.5326797 0.4379085 0.1584967
Frame_22 0.4656863 0.1290850 0.8284314 0.6405229 0.5130719 0.4575163 0.6209150 0.1960784
Frame_23 0.4705882 0.1503268 0.8316993 0.6143791 0.5130719 0.4526144 0.6160131 0.1862745
Frame_24 0.4509804 0.1470588 0.8153595 0.6176471 0.5081699 0.4558824 0.6176471 0.1911765
Frame_25 0.5098039 0.1895425 0.8888889 0.7042484 0.5555556 0.5392157 0.6601307 0.2549020
Frame_26 0.4983660 0.2287582 0.8513072 0.6879085 0.5490196 0.5392157 0.6519608 0.2875817
Frame_27 0.4901961 0.2712418 0.8562092 0.6797386 0.5343137 0.5522876 0.6405229 0.3349673
Frame_28 0.4542484 0.1176471 0.8513072 0.6683007 0.5000000 0.5343137 0.5980392 0.1764706
Frame_29 0.4313725 0.1209150 0.8709150 0.6633987 0.4918301 0.5375817 0.5800654 0.1584967
Frame_30 0.4166667 0.0718954 0.8823529 0.6764706 0.4918301 0.5277778 0.5718954 0.1486928
Frame_31 0.4199346 0.1045752 0.8464052 0.6323529 0.4624183 0.4836601 0.5751634 0.1633987
Frame_32 0.3398693 0.0441176 0.7728758 0.6143791 0.3790850 0.5130719 0.4330065 0.0833333
Frame_33 0.3382353 0.0359477 0.7924837 0.6879085 0.3790850 0.5130719 0.4232026 0.0866013
Frame_34 0.3415033 0.0392157 0.7777778 0.6339869 0.3807190 0.5130719 0.4330065 0.0833333
Frame_35 0.3267974 0.0375817 0.7859477 0.6388889 0.3709150 0.5179739 0.4346405 0.0816993
Frame_36 0.3055556 0.0326797 0.7990196 0.6258170 0.3578431 0.5098039 0.4362745 0.0833333
Frame_37 0.2761438 0.0571895 0.7581699 0.6258170 0.3480392 0.5098039 0.4444444 0.1176471
Frame_38 0.2728758 0.0506536 0.7369281 0.6421569 0.3349673 0.4934641 0.4509804 0.1519608
Frame_39 0.2761438 0.1045752 0.7205882 0.6111111 0.3284314 0.4738562 0.4542484 0.1846405
Frame_40 0.2679739 0.0915033 0.6813725 0.5996732 0.3039216 0.4901961 0.4297386 0.1830065
Frame_41 0.2287582 0.0849673 0.6748366 0.6715686 0.3055556 0.5294118 0.4248366 0.1519608
Frame_42 0.2385621 0.0571895 0.6895425 0.7107843 0.3039216 0.5375817 0.4117647 0.1192810
Frame_43 0.2598039 0.0539216 0.6879085 0.6715686 0.3071895 0.5490196 0.3970588 0.0996732
Frame_44 0.2467320 0.0294118 0.7091503 0.7107843 0.3104575 0.5653595 0.3660131 0.0996732
Frame_45 0.1911765 0.1568627 0.6241830 0.7761438 0.2581699 0.6862745 0.3186275 0.2581699
Frame_46 0.2418301 0.1797386 0.6862745 0.7679739 0.2973856 0.6666667 0.3660131 0.2696078
Frame_47 0.2303922 0.1617647 0.7320261 0.7892157 0.3039216 0.6683007 0.3594771 0.2450980
Frame_48 0.2434641 0.1372549 0.7042484 0.8137255 0.3022876 0.6732026 0.3496732 0.2320261
Frame_49 0.2581699 0.1633987 0.6666667 0.8202614 0.3006536 0.6699346 0.3300654 0.2271242
Frame_50 0.2271242 0.1650327 0.6862745 0.8120915 0.2924837 0.6781046 0.3153595 0.2254902
