Frame_1 0.4313725 0.2826797 0.8839869 0.8022876 0.4852941 0.7140523 0.4852941 0.3251634
Frame_2 0.4411765 0.2794118 0.8872549 0.8071895 0.4852941 0.6732026 0.4836601 0.3513072
Frame_3 0.4591503 0.2843137 0.8447712 0.7843137 0.4983660 0.6372549 0.4885621 0.3807190
Frame_4 0.4607843 0.2745098 0.8774510 0.7973856 0.5049020 0.5800654 0.4967320 0.4297386
Frame_5 0.4722222 0.2859477 0.8856209 0.8022876 0.5130719 0.5571895 0.5032680 0.4624183
Frame_6 0.4607843 0.2826797 0.8905229 0.7941176 0.5130719 0.5522876 0.5000000 0.4656863
Frame_7 0.4411765 0.3055556 0.9199346 0.7843137 0.5098039 0.5441176 0.5016340 0.4787582
Frame_8 0.4689542 0.3088235 0.8627451 0.7385621 0.5179739 0.5473856 0.5032680 0.4820261
Frame_9 0.4689542 0.3120915 0.8676471 0.7549020 0.5114379 0.5441176 0.5016340 0.4885621
Frame_10 0.4656863 0.3202614 0.8643791 0.7385621 0.5147059 0.5473856 0.5032680 0.4820261
Frame_11 0.4640523 0.3137255 0.8660131 0.7696078 0.5163399 0.5555556 0.5065359 0.4820261
Frame_12 0.4656863 0.2941176 0.8676471 0.7630719 0.5130719 0.5604575 0.4983660 0.4705882
Frame_13 0.4591503 0.2973856 0.8692810 0.7663399 0.5049020 0.6078431 0.4869281 0.4232026
Frame_14 0.4313725 0.2745098 0.8709150 0.8120915 0.4852941 0.6650327 0.4754902 0.3545752
Frame_15 0.4166667 0.2434641 0.8774510 0.8088235 0.4754902 0.7058824 0.4771242 0.2826797
Frame_16 0.4117647 0.2058824 0.8888889 0.8480392 0.4705882 0.7434641 0.4803922 0.2581699
Frame_17 0.4183007 0.1944444 0.8937908 0.8202614 0.4722222 0.7581699 0.4869281 0.2369281
Frame_18 0.4264706 0.1944444 0.8741830 0.8415033 0.4803922 0.7647059 0.4901961 0.2287582
Frame_19 0.4248366 0.1944444 0.9150327 0.8366013 0.4820261 0.7696078 0.4918301 0.2320261
Frame_20 0.4264706 0.1960784 0.8986928 0.8513072 0.4820261 0.7761438 0.4901961 0.2418301
Frame_21 0.4199346 0.2026144 0.8758170 0.8529412 0.4771242 0.7761438 0.4852941 0.2467320
Frame_22 0.4297386 0.2058824 0.9084967 0.8676471 0.4836601 0.7826797 0.4869281 0.2500000
Frame_23 0.4183007 0.2107843 0.8790850 0.8496732 0.4820261 0.7761438 0.4852941 0.2532680
Frame_24 0.4281046 0.2189542 0.8905229 0.8431373 0.4836601 0.7810458 0.4852941 0.2630719
Frame_25 0.4248366 0.2254902 0.9166667 0.8513072 0.4787582 0.7745098 0.4820261 0.2647059
Frame_26 0.4428105 0.2336601 0.8954248 0.8513072 0.4836601 0.7761438 0.4836601 0.2696078
Frame_27 0.4330065 0.2287582 0.9035948 0.8267974 0.4820261 0.7712418 0.4852941 0.2663399
Frame_28 0.4362745 0.2205882 0.8790850 0.8349673 0.4852941 0.7647059 0.4885621 0.2663399
Frame_29 0.4362745 0.2287582 0.8758170 0.8431373 0.4901961 0.7647059 0.4918301 0.2761438
Frame_30 0.4428105 0.2418301 0.8725490 0.8202614 0.4852941 0.7450980 0.4803922 0.2745098
Frame_31 0.4428105 0.2254902 0.8872549 0.8496732 0.4852941 0.7352941 0.4820261 0.2826797
Frame_32 0.4411765 0.2696078 0.8709150 0.8006536 0.4885621 0.7189542 0.4820261 0.3006536
Frame_33 0.4509804 0.2892157 0.8660131 0.7990196 0.4901961 0.7042484 0.4803922 0.3382353
Frame_34 0.4460784 0.2908497 0.8856209 0.7941176 0.4901961 0.6830065 0.4836601 0.3513072
Frame_35 0.4477124 0.2973856 0.8823529 0.7712418 0.4967320 0.6339869 0.4836601 0.3725490
Frame_36 0.4477124 0.3088235 0.9068627 0.7630719 0.4967320 0.6209150 0.4787582 0.3758170
Frame_37 0.4558824 0.2973856 0.8872549 0.7663399 0.5000000 0.5882353 0.4803922 0.3856209
Frame_38 0.4330065 0.2924837 0.9281046 0.7663399 0.5032680 0.5931373 0.4820261 0.3823529
Frame_39 0.4444444 0.3022876 0.8790850 0.7271242 0.5016340 0.5816993 0.4787582 0.3888889
Frame_40 0.4428105 0.2908497 0.9019608 0.7679739 0.5000000 0.5800654 0.4820261 0.3921569
Frame_41 0.4575163 0.2826797 0.8823529 0.7500000 0.5032680 0.5784314 0.4852941 0.3774510
Frame_42 0.4509804 0.2483660 0.8888889 0.7500000 0.4934641 0.6176471 0.4901961 0.3349673
Frame_43 0.4460784 0.2287582 0.8905229 0.8055556 0.4885621 0.6601307 0.4967320 0.2777778
Frame_44 0.4248366 0.1879085 0.8921569 0.7875817 0.4869281 0.6928105 0.4950980 0.2434641
Frame_45 0.4542484 0.1601307 0.9035948 0.8104575 0.4787582 0.7124183 0.4950980 0.2042484
Frame_46 0.4281046 0.1405229 0.8856209 0.8153595 0.4771242 0.7352941 0.4983660 0.1977124
Frame_47 0.4395425 0.1470588 0.8856209 0.8284314 0.4754902 0.7483660 0.5032680 0.1895425
Frame_48 0.4297386 0.1323529 0.8839869 0.8284314 0.4803922 0.7500000 0.5016340 0.1830065
Frame_49 0.4232026 0.1356209 0.8888889 0.8218954 0.4771242 0.7532680 0.5032680 0.1879085
Frame_50 0.4117647 0.1405229 0.9379085 0.8545752 0.4836601 0.7549020 0.5032680 0.1944444
