Frame_1 0.1879085 0.3692810 0.6617647 0.9199346 0.6029412 0.8366013 0.6192810 0.4477124
Frame_2 0.2205882 0.3594771 0.6568627 0.9346405 0.5996732 0.8529412 0.6029412 0.4166667
Frame_3 0.2336601 0.3382353 0.6437908 0.9248366 0.5931373 0.8562092 0.5996732 0.3774510
Frame_4 0.2238562 0.3006536 0.6339869 0.9281046 0.5898693 0.8545752 0.5931373 0.3480392
Frame_5 0.1895425 0.2826797 0.6356209 0.9379085 0.5800654 0.8578431 0.5816993 0.3169935
Frame_6 0.1666667 0.2663399 0.6405229 0.9411765 0.5833333 0.8627451 0.5800654 0.3153595
Frame_7 0.1830065 0.2663399 0.6290850 0.9395425 0.5816993 0.8660131 0.5751634 0.3120915
Frame_8 0.1781046 0.2728758 0.6274510 0.9248366 0.5784314 0.8692810 0.5735294 0.3104575
Frame_9 0.1683007 0.2516340 0.6307190 0.9362745 0.5800654 0.8807190 0.5669935 0.2924837
Frame_10 0.1748366 0.2745098 0.6225490 0.9509804 0.5816993 0.8921569 0.5669935 0.3104575
Frame_11 0.1715686 0.2777778 0.6339869 0.9624183 0.5784314 0.8937908 0.5718954 0.3218954
Frame_12 0.1944444 0.3022876 0.6388889 0.9575163 0.5866013 0.8856209 0.5735294 0.3464052
Frame_13 0.1879085 0.3071895 0.6192810 0.9395425 0.5816993 0.8627451 0.5653595 0.3447712
Frame_14 0.1683007 0.3022876 0.6258170 0.9428105 0.5833333 0.8447712 0.5506536 0.3415033
Frame_15 0.1601307 0.2859477 0.6192810 0.9526144 0.5718954 0.8464052 0.5294118 0.3316993
Frame_16 0.1748366 0.2614379 0.6045752 0.9428105 0.5669935 0.8578431 0.4967320 0.2990196
Frame_17 0.1519608 0.2647059 0.5996732 0.9493464 0.5588235 0.8545752 0.4640523 0.3022876
Frame_18 0.1715686 0.2565359 0.5980392 0.9689542 0.5604575 0.8562092 0.4444444 0.2973856
Frame_19 0.1535948 0.2679739 0.5866013 0.9722222 0.5555556 0.8545752 0.4313725 0.2957516
Frame_20 0.1781046 0.2957516 0.5882353 0.9689542 0.5522876 0.8676471 0.4264706 0.3333333
Frame_21 0.1454248 0.3039216 0.5800654 0.9558824 0.5473856 0.8513072 0.4248366 0.3382353
Frame_22 0.1503268 0.3562092 0.5718954 0.9575163 0.5375817 0.8218954 0.4477124 0.4232026
Frame_23 0.1666667 0.4934641 0.5604575 0.9689542 0.5228758 0.7810458 0.4673203 0.5343137
Frame_24 0.1535948 0.5196078 0.5473856 0.9460784 0.5147059 0.7565359 0.4722222 0.5506536
Frame_25 0.1290850 0.5245098 0.5522876 0.9346405 0.5032680 0.7369281 0.4722222 0.5735294
Frame_26 0.1209150 0.5310458 0.5392157 0.9264706 0.4983660 0.7254902 0.4624183 0.5784314
Frame_27 0.1192810 0.5277778 0.5343137 0.9150327 0.4918301 0.7173203 0.4673203 0.5947712
Frame_28 0.1405229 0.5163399 0.5294118 0.9166667 0.4934641 0.7042484 0.4689542 0.6029412
Frame_29 0.1405229 0.4836601 0.5604575 0.9166667 0.5081699 0.6715686 0.4738562 0.5898693
Frame_30 0.1617647 0.4820261 0.5604575 0.8692810 0.5228758 0.6617647 0.4950980 0.5882353
Frame_31 0.1601307 0.4754902 0.5735294 0.8954248 0.5359477 0.6568627 0.5065359 0.5866013
Frame_32 0.1715686 0.4771242 0.5882353 0.8709150 0.5408497 0.6568627 0.5114379 0.5866013
Frame_33 0.1862745 0.4673203 0.5866013 0.8839869 0.5457516 0.6584967 0.5147059 0.5898693
Frame_34 0.1568627 0.4803922 0.6045752 0.8741830 0.5490196 0.6535948 0.5179739 0.5882353
Frame_35 0.1879085 0.4624183 0.5882353 0.8741830 0.5441176 0.6470588 0.5147059 0.5833333
Frame_36 0.1977124 0.4624183 0.6062092 0.8741830 0.5441176 0.6437908 0.5147059 0.5816993
Frame_37 0.1797386 0.4689542 0.6062092 0.8856209 0.5473856 0.6519608 0.5212418 0.5915033
Frame_38 0.1993464 0.4722222 0.5996732 0.8709150 0.5457516 0.6519608 0.5245098 0.5849673
Frame_39 0.1895425 0.4428105 0.6225490 0.8692810 0.5588235 0.6454248 0.5392157 0.5866013
Frame_40 0.2026144 0.4379085 0.6192810 0.8790850 0.5571895 0.6503268 0.5408497 0.5604575
Frame_41 0.1813725 0.4166667 0.6421569 0.8611111 0.5718954 0.6601307 0.5457516 0.5130719
Frame_42 0.2205882 0.4264706 0.6160131 0.8954248 0.5784314 0.6650327 0.5424837 0.4738562
Frame_43 0.1977124 0.3807190 0.6388889 0.8888889 0.5849673 0.6797386 0.5424837 0.4330065
Frame_44 0.2091503 0.3643791 0.6421569 0.8790850 0.5915033 0.6960784 0.5490196 0.4035948
Frame_45 0.2042484 0.3218954 0.6503268 0.9117647 0.5947712 0.7107843 0.5441176 0.3725490
Frame_46 0.2173203 0.2810458 0.6552288 0.9346405 0.5915033 0.7075163 0.5424837 0.3349673
Frame_47 0.2205882 0.2581699 0.6601307 0.9084967 0.6111111 0.7189542 0.5424837 0.3055556
Frame_48 0.2434641 0.2516340 0.6552288 0.9052288 0.6127451 0.7320261 0.5424837 0.2810458
Frame_49 0.2401961 0.2385621 0.6519608 0.9215686 0.6176471 0.7532680 0.5375817 0.2777778
Frame_50 0.2287582 0.2140523 0.6617647 0.9281046 0.6127451 0.7581699 0.5326797 0.2712418
