Frame_1 0.3006536 0.1290850 0.5800654 0.6029412 0.5620915 0.5604575 0.4901961 0.1552288
Frame_2 0.3039216 0.1372549 0.5816993 0.6078431 0.5588235 0.5571895 0.4934641 0.1584967
Frame_3 0.2957516 0.1503268 0.5816993 0.6111111 0.5604575 0.5522876 0.4967320 0.1715686
Frame_4 0.2843137 0.1584967 0.5833333 0.5996732 0.5571895 0.5490196 0.4983660 0.1846405
Frame_5 0.2696078 0.1813725 0.5833333 0.6176471 0.5588235 0.5424837 0.5049020 0.1993464
Frame_6 0.2892157 0.1944444 0.5849673 0.6094771 0.5588235 0.5326797 0.5081699 0.2140523
Frame_7 0.3153595 0.2075163 0.5833333 0.6111111 0.5604575 0.5277778 0.5147059 0.2320261
Frame_8 0.3088235 0.2189542 0.5866013 0.5980392 0.5555556 0.5179739 0.5147059 0.2450980
Frame_9 0.3169935 0.2205882 0.5833333 0.6078431 0.5571895 0.5098039 0.5147059 0.2565359
Frame_10 0.3088235 0.2303922 0.5833333 0.5947712 0.5555556 0.5114379 0.5228758 0.2630719
Frame_11 0.2924837 0.2369281 0.5816993 0.6045752 0.5571895 0.5049020 0.5212418 0.2745098
Frame_12 0.3055556 0.2467320 0.5898693 0.6127451 0.5490196 0.5000000 0.5228758 0.2875817
Frame_13 0.3120915 0.2549020 0.5800654 0.6127451 0.5539216 0.4934641 0.5245098 0.2924837
Frame_14 0.3055556 0.2549020 0.5833333 0.6078431 0.5539216 0.4918301 0.5245098 0.2990196
Frame_15 0.3071895 0.2728758 0.5718954 0.6160131 0.5506536 0.4885621 0.5261438 0.3088235
Frame_16 0.2973856 0.2794118 0.5702614 0.6143791 0.5473856 0.4852941 0.5277778 0.3137255
Frame_17 0.2990196 0.2679739 0.5767974 0.6094771 0.5490196 0.4803922 0.5294118 0.3202614
Frame_18 0.3055556 0.2794118 0.5718954 0.5931373 0.5473856 0.4754902 0.5277778 0.3267974
Frame_19 0.3055556 0.2745098 0.5735294 0.5898693 0.5473856 0.4722222 0.5277778 0.3349673
Frame_20 0.3071895 0.2810458 0.5751634 0.6160131 0.5441176 0.4689542 0.5261438 0.3415033
Frame_21 0.3235294 0.2859477 0.5718954 0.6111111 0.5424837 0.4624183 0.5310458 0.3513072
Frame_22 0.3153595 0.2843137 0.5767974 0.5996732 0.5457516 0.4640523 0.5326797 0.3545752
Frame_23 0.3104575 0.2859477 0.5800654 0.6192810 0.5457516 0.4607843 0.5359477 0.3545752
Frame_24 0.3071895 0.2924837 0.5718954 0.5866013 0.5457516 0.4575163 0.5359477 0.3594771
Frame_25 0.2957516 0.2908497 0.5767974 0.5996732 0.5490196 0.4526144 0.5343137 0.3594771
Frame_26 0.3186275 0.2990196 0.5735294 0.5947712 0.5392157 0.4509804 0.5310458 0.3594771
Frame_27 0.3153595 0.3006536 0.5686275 0.5784314 0.5424837 0.4493464 0.5310458 0.3643791
Frame_28 0.3153595 0.3022876 0.5702614 0.5784314 0.5457516 0.4477124 0.5326797 0.3692810
Frame_29 0.3137255 0.3088235 0.5735294 0.5964052 0.5424837 0.4526144 0.5343137 0.3774510
Frame_30 0.3120915 0.3055556 0.5702614 0.5751634 0.5441176 0.4460784 0.5326797 0.3839869
Frame_31 0.3006536 0.3071895 0.5718954 0.5980392 0.5392157 0.4509804 0.5310458 0.3839869
Frame_32 0.3169935 0.3088235 0.5767974 0.5800654 0.5408497 0.4477124 0.5310458 0.3856209
Frame_33 0.3055556 0.3120915 0.5735294 0.5882353 0.5424837 0.4526144 0.5294118 0.3872549
Frame_34 0.3071895 0.3006536 0.5767974 0.5947712 0.5441176 0.4526144 0.5326797 0.3888889
Frame_35 0.3218954 0.3022876 0.5702614 0.5816993 0.5392157 0.4460784 0.5326797 0.3856209
Frame_36 0.3186275 0.3120915 0.5718954 0.5735294 0.5392157 0.4460784 0.5326797 0.3839869
Frame_37 0.3202614 0.3218954 0.5620915 0.5735294 0.5392157 0.4526144 0.5277778 0.3856209
Frame_38 0.3169935 0.3120915 0.5702614 0.5866013 0.5408497 0.4493464 0.5294118 0.3839869
Frame_39 0.3137255 0.3071895 0.5686275 0.6045752 0.5392157 0.4477124 0.5294118 0.3905229
Frame_40 0.3218954 0.3186275 0.5686275 0.5882353 0.5408497 0.4477124 0.5310458 0.3872549
Frame_41 0.3431373 0.3153595 0.5653595 0.5996732 0.5408497 0.4460784 0.5310458 0.3856209
Frame_42 0.3349673 0.3055556 0.5653595 0.5915033 0.5408497 0.4460784 0.5326797 0.3872549
Frame_43 0.3300654 0.3039216 0.5702614 0.5669935 0.5375817 0.4477124 0.5294118 0.3807190
Frame_44 0.3104575 0.3006536 0.5866013 0.5996732 0.5375817 0.4526144 0.5294118 0.3741830
Frame_45 0.3169935 0.3039216 0.5702614 0.5833333 0.5408497 0.4558824 0.5261438 0.3725490
Frame_46 0.3235294 0.3055556 0.5686275 0.5898693 0.5408497 0.4575163 0.5212418 0.3643791
Frame_47 0.3169935 0.3022876 0.5735294 0.5866013 0.5392157 0.4624183 0.5261438 0.3660131
Frame_48 0.3137255 0.3006536 0.5751634 0.5767974 0.5457516 0.4689542 0.5294118 0.3513072
Frame_49 0.3202614 0.2908497 0.5800654 0.6111111 0.5506536 0.4787582 0.5277778 0.3366013
Frame_50 0.3104575 0.2810458 0.5849673 0.5996732 0.5473856 0.4820261 0.5245098 0.3202614
