Frame_1 0.3055556 0.3186275 0.6830065 0.8382353 0.3366013 0.6748366 0.3594771 0.4738562
Frame_2 0.3071895 0.3039216 0.6584967 0.8627451 0.3333333 0.6813725 0.3562092 0.4607843
Frame_3 0.3006536 0.3039216 0.6584967 0.8104575 0.3300654 0.6977124 0.3529412 0.4019608
Frame_4 0.2990196 0.3088235 0.6535948 0.8235294 0.3300654 0.7009804 0.3545752 0.3905229
Frame_5 0.2957516 0.2957516 0.6781046 0.8153595 0.3333333 0.7091503 0.3611111 0.3758170
Frame_6 0.3071895 0.3055556 0.7009804 0.8398693 0.3382353 0.7075163 0.3692810 0.3692810
Frame_7 0.2941176 0.2908497 0.6993464 0.8382353 0.3513072 0.7271242 0.3823529 0.3480392
Frame_8 0.3006536 0.2908497 0.6911765 0.8267974 0.3431373 0.7287582 0.3856209 0.3464052
Frame_9 0.3120915 0.2810458 0.6781046 0.8333333 0.3480392 0.7287582 0.3970588 0.3398693
Frame_10 0.3137255 0.2826797 0.6748366 0.8431373 0.3562092 0.7320261 0.3954248 0.3382353
Frame_11 0.2924837 0.2794118 0.6911765 0.8562092 0.3480392 0.7369281 0.3970588 0.3431373
Frame_12 0.3186275 0.2810458 0.6797386 0.8709150 0.3529412 0.7320261 0.3954248 0.3447712
Frame_13 0.3039216 0.2875817 0.6862745 0.8562092 0.3562092 0.7303922 0.3905229 0.3594771
Frame_14 0.3218954 0.2892157 0.6764706 0.8709150 0.3611111 0.7189542 0.3905229 0.3872549
Frame_15 0.3153595 0.3055556 0.6911765 0.8545752 0.3611111 0.7026144 0.3823529 0.4248366
Frame_16 0.2941176 0.2990196 0.7075163 0.8480392 0.3578431 0.6879085 0.3823529 0.4379085
Frame_17 0.3120915 0.3120915 0.6911765 0.8480392 0.3643791 0.6862745 0.3807190 0.4558824
Frame_18 0.3186275 0.3137255 0.6879085 0.8676471 0.3676471 0.6715686 0.3790850 0.4771242
Frame_19 0.3153595 0.3366013 0.6862745 0.8349673 0.3660131 0.6715686 0.3774510 0.4901961
Frame_20 0.3120915 0.3316993 0.7009804 0.8267974 0.3660131 0.6683007 0.3807190 0.4967320
Frame_21 0.3104575 0.3431373 0.6781046 0.8120915 0.3692810 0.6617647 0.3807190 0.5147059
Frame_22 0.3104575 0.3431373 0.7026144 0.8447712 0.3725490 0.6568627 0.3774510 0.5294118
Frame_23 0.3251634 0.3513072 0.6715686 0.8267974 0.3709150 0.6519608 0.3839869 0.5408497
Frame_24 0.3137255 0.3643791 0.6781046 0.8235294 0.3725490 0.6486928 0.3839869 0.5571895
Frame_25 0.3235294 0.3529412 0.6960784 0.8382353 0.3790850 0.6372549 0.3823529 0.5653595
Frame_26 0.3186275 0.3447712 0.7009804 0.8398693 0.3790850 0.6290850 0.3872549 0.5669935
Frame_27 0.3251634 0.3660131 0.6797386 0.8513072 0.3888889 0.6356209 0.3937908 0.5637255
Frame_28 0.3366013 0.3970588 0.6977124 0.8529412 0.3823529 0.6388889 0.3921569 0.5718954
Frame_29 0.3300654 0.3872549 0.6797386 0.8382353 0.3839869 0.6454248 0.3905229 0.5718954
Frame_30 0.3447712 0.4003268 0.6879085 0.8480392 0.3741830 0.6372549 0.3888889 0.5735294
Frame_31 0.3235294 0.3856209 0.6928105 0.8447712 0.3807190 0.6339869 0.3905229 0.5669935
Frame_32 0.3333333 0.3839869 0.6879085 0.8415033 0.3839869 0.6307190 0.3888889 0.5604575
Frame_33 0.3218954 0.3513072 0.7042484 0.8300654 0.3790850 0.6307190 0.3856209 0.5620915
Frame_34 0.3333333 0.3545752 0.6797386 0.8186275 0.3774510 0.6258170 0.3823529 0.5588235
Frame_35 0.3333333 0.3496732 0.6748366 0.8104575 0.3676471 0.6405229 0.3790850 0.5490196
Frame_36 0.3153595 0.3284314 0.6928105 0.8202614 0.3611111 0.6535948 0.3790850 0.5147059
Frame_37 0.3055556 0.3251634 0.7009804 0.8382353 0.3643791 0.6584967 0.3774510 0.5130719
Frame_38 0.3137255 0.3137255 0.6846405 0.8398693 0.3660131 0.6699346 0.3807190 0.5000000
Frame_39 0.3039216 0.2990196 0.6813725 0.8464052 0.3627451 0.6748366 0.3790850 0.4885621
Frame_40 0.3006536 0.2892157 0.6666667 0.8202614 0.3643791 0.6830065 0.3856209 0.4656863
Frame_41 0.3218954 0.2892157 0.6683007 0.8316993 0.3578431 0.6781046 0.3856209 0.4542484
Frame_42 0.3153595 0.2761438 0.6797386 0.8611111 0.3611111 0.6846405 0.3905229 0.4379085
Frame_43 0.3104575 0.2777778 0.6748366 0.8251634 0.3611111 0.6830065 0.3856209 0.4117647
Frame_44 0.3088235 0.2712418 0.6683007 0.8366013 0.3529412 0.6895425 0.3823529 0.4084967
Frame_45 0.3055556 0.2679739 0.6666667 0.8382353 0.3562092 0.6977124 0.3807190 0.3986928
Frame_46 0.3071895 0.2663399 0.6846405 0.8415033 0.3562092 0.7009804 0.3807190 0.3937908
Frame_47 0.3006536 0.2549020 0.6911765 0.8382353 0.3513072 0.7009804 0.3790850 0.3921569
Frame_48 0.3006536 0.2728758 0.6797386 0.8349673 0.3578431 0.7009804 0.3790850 0.3823529
Frame_49 0.2990196 0.2826797 0.6781046 0.8366013 0.3480392 0.6993464 0.3790850 0.3872549
Frame_50 0.2990196 0.2826797 0.6862745 0.8366013 0.3513072 0.6993464 0.3741830 0.3954248
