Frame_1 0.2826797 0.0964052 0.6274510 0.6356209 0.3382353 0.3954248 0.3888889 0.1421569
Frame_2 0.2500000 0.0816993 0.5931373 0.6062092 0.3104575 0.3856209 0.3643791 0.1258170
Frame_3 0.2254902 0.0784314 0.5473856 0.5653595 0.2745098 0.3692810 0.3251634 0.1045752
Frame_4 0.2630719 0.0849673 0.5359477 0.5506536 0.2826797 0.3839869 0.3316993 0.1143791
Frame_5 0.2352941 0.0898693 0.5718954 0.5931373 0.2892157 0.3970588 0.3398693 0.1307190
Frame_6 0.2434641 0.1029412 0.5882353 0.6225490 0.2924837 0.4003268 0.3464052 0.1339869
Frame_7 0.2924837 0.1699346 0.5784314 0.6503268 0.3137255 0.4575163 0.3758170 0.1895425
Frame_8 0.2777778 0.6143791 0.5964052 1.0000000 0.3382353 0.8807190 0.3954248 0.6519608
Frame_9 0.3267974 0.6013072 0.5915033 1.0000000 0.3513072 0.8480392 0.4068627 0.6258170
Frame_10 0.3284314 0.5882353 0.6323529 1.0000000 0.3660131 0.8333333 0.4183007 0.6143791
Frame_11 0.3349673 0.5767974 0.6405229 1.0000000 0.3888889 0.8202614 0.4395425 0.6143791
Frame_12 0.3513072 0.5473856 0.6633987 0.9967320 0.4003268 0.8104575 0.4526144 0.5996732
Frame_13 0.3594771 0.5424837 0.6862745 1.0000000 0.4199346 0.7990196 0.4803922 0.5980392
Frame_14 0.3921569 0.5898693 0.7222222 0.9983660 0.4477124 0.7924837 0.5032680 0.6094771
Frame_15 0.4836601 0.5915033 0.8006536 0.9967320 0.5392157 0.8006536 0.6045752 0.6045752
Frame_16 0.5310458 0.5964052 0.8169935 1.0000000 0.5800654 0.8039216 0.6421569 0.6225490
Frame_17 0.5964052 0.5931373 0.8856209 0.9967320 0.6372549 0.8022876 0.7075163 0.6192810
Frame_18 0.6503268 0.5784314 0.9248366 1.0000000 0.6764706 0.7745098 0.7369281 0.5898693
Frame_19 0.6176471 0.4803922 0.9330065 0.9918301 0.6486928 0.6928105 0.7287582 0.5114379
Frame_20 0.6062092 0.4460784 0.9558824 1.0000000 0.6470588 0.6699346 0.7254902 0.4885621
Frame_21 0.5996732 0.4183007 0.9183007 0.9885621 0.6454248 0.6519608 0.7222222 0.4673203
Frame_22 0.6111111 0.4052288 0.9379085 0.9934641 0.6437908 0.6290850 0.7189542 0.4362745
Frame_23 0.6029412 0.3921569 0.9166667 0.8856209 0.6388889 0.5947712 0.7222222 0.4150327
Frame_24 0.6241830 0.3496732 0.9117647 0.8235294 0.6486928 0.5735294 0.7320261 0.3823529
Frame_25 0.6323529 0.2990196 0.9199346 0.7679739 0.6503268 0.5310458 0.7271242 0.3284314
Frame_26 0.6045752 0.2843137 0.9330065 0.7483660 0.6437908 0.4901961 0.7352941 0.3088235
Frame_27 0.6225490 0.1813725 0.9248366 0.7320261 0.6552288 0.4444444 0.7385621 0.2450980
Frame_28 0.6225490 0.1568627 0.9362745 0.6519608 0.6568627 0.3970588 0.7500000 0.1911765
Frame_29 0.6225490 0.0637255 0.9852941 0.6078431 0.6584967 0.3006536 0.7630719 0.0816993
Frame_30 0.5915033 0.0767974 0.9297386 0.6045752 0.6290850 0.3300654 0.7369281 0.1013072
Frame_31 0.5539216 0.0980392 0.9248366 0.6143791 0.6127451 0.3627451 0.7156863 0.1323529
Frame_32 0.5669935 0.0964052 0.9117647 0.6339869 0.6094771 0.3660131 0.7140523 0.1421569
Frame_33 0.5784314 0.1078431 0.8774510 0.6290850 0.6045752 0.3725490 0.7075163 0.1421569
Frame_34 0.5767974 0.1225490 0.8611111 0.6258170 0.5931373 0.3660131 0.6977124 0.1421569
Frame_35 0.5506536 0.1225490 0.8611111 0.6045752 0.5866013 0.3611111 0.6895425 0.1405229
Frame_36 0.5228758 0.1062092 0.8562092 0.6225490 0.5735294 0.3513072 0.6748366 0.1372549
Frame_37 0.4264706 0.0620915 0.7777778 0.5882353 0.4771242 0.3513072 0.5751634 0.0866013
Frame_38 0.3578431 0.0522876 0.7352941 0.5931373 0.4248366 0.3415033 0.5098039 0.0702614
Frame_39 0.3529412 0.0392157 0.6797386 0.5866013 0.3921569 0.3480392 0.4836601 0.0686275
Frame_40 0.3071895 0.0294118 0.6879085 0.5735294 0.3741830 0.3513072 0.4558824 0.0686275
Frame_41 0.2091503 0.5784314 0.5065359 1.0000000 0.2483660 0.8562092 0.3169935 0.5947712
Frame_42 0.5179739 0.5277778 0.8169935 0.9885621 0.5653595 0.7254902 0.6372549 0.5473856
Frame_43 0.5326797 0.4232026 0.8186275 0.9215686 0.5571895 0.6486928 0.6372549 0.4493464
Frame_44 0.5065359 0.3823529 0.8496732 0.8709150 0.5571895 0.6160131 0.6437908 0.4068627
Frame_45 0.5228758 0.3366013 0.8349673 0.8169935 0.5669935 0.5718954 0.6454248 0.3562092
Frame_46 0.5457516 0.2303922 0.8382353 0.7352941 0.5718954 0.4803922 0.6584967 0.2467320
Frame_47 0.5310458 0.1617647 0.8464052 0.6862745 0.5718954 0.4362745 0.6633987 0.1977124
Frame_48 0.3202614 0.5571895 0.6127451 1.0000000 0.3692810 0.8039216 0.4281046 0.5833333
Frame_49 0.3202614 0.5522876 0.6225490 0.9967320 0.3709150 0.8153595 0.4313725 0.5882353
Frame_50 0.3431373 0.5522876 0.6127451 1.0000000 0.3741830 0.7973856 0.4330065 0.5833333
