Frame_1 0.2532680 0.2156863 0.5849673 0.7173203 0.3071895 0.5392157 0.3480392 0.2418301
Frame_2 0.2598039 0.1732026 0.5833333 0.7075163 0.3235294 0.5179739 0.3627451 0.2287582
Frame_3 0.3153595 0.2222222 0.6258170 0.7140523 0.3627451 0.5310458 0.4035948 0.2467320
Frame_4 0.3447712 0.2434641 0.6290850 0.6928105 0.3839869 0.5424837 0.4199346 0.2728758
Frame_5 0.3611111 0.2385621 0.6633987 0.7091503 0.3986928 0.5555556 0.4264706 0.2728758
Frame_6 0.3725490 0.2761438 0.6437908 0.7222222 0.4084967 0.5620915 0.4362745 0.3039216
Frame_7 0.3692810 0.2483660 0.6617647 0.7091503 0.4133987 0.5588235 0.4542484 0.2875817
Frame_8 0.4052288 0.1960784 0.6470588 0.6895425 0.4215686 0.5179739 0.4624183 0.2271242
Frame_9 0.3774510 0.2075163 0.6732026 0.6650327 0.4264706 0.5000000 0.4673203 0.2369281
Frame_10 0.4183007 0.2058824 0.7026144 0.6666667 0.4558824 0.5130719 0.5130719 0.2516340
Frame_11 0.3921569 0.2058824 0.7222222 0.6911765 0.4656863 0.5032680 0.5130719 0.2532680
Frame_12 0.4052288 0.2156863 0.7205882 0.6797386 0.4591503 0.5179739 0.5147059 0.2696078
Frame_13 0.4232026 0.2320261 0.6846405 0.6699346 0.4673203 0.5212418 0.5114379 0.2794118
Frame_14 0.4526144 0.1699346 0.7352941 0.6307190 0.5016340 0.4640523 0.5457516 0.2124183
Frame_15 0.4509804 0.1895425 0.7287582 0.6192810 0.4950980 0.4673203 0.5408497 0.2189542
Frame_16 0.4330065 0.1977124 0.7271242 0.6683007 0.4738562 0.5000000 0.5196078 0.2549020
Frame_17 0.0882353 0.2336601 0.4493464 0.8529412 0.1258170 0.6732026 0.1372549 0.2924837
Frame_18 0.0964052 0.2549020 0.4673203 0.8529412 0.1405229 0.6437908 0.1388889 0.2973856
Frame_19 0.0784314 0.2581699 0.4640523 0.8235294 0.1454248 0.6584967 0.1486928 0.3088235
Frame_20 0.0849673 0.2761438 0.4787582 0.8431373 0.1486928 0.6552288 0.1519608 0.3153595
Frame_21 0.0964052 0.2647059 0.4950980 0.8267974 0.1486928 0.6617647 0.1503268 0.3039216
Frame_22 0.1928105 0.2173203 0.6356209 0.8431373 0.2630719 0.6405229 0.2434641 0.2598039
Frame_23 0.1732026 0.1928105 0.6356209 0.8366013 0.2663399 0.6241830 0.2450980 0.2271242
Frame_24 0.1797386 0.1535948 0.6176471 0.8186275 0.2712418 0.5800654 0.2418301 0.1911765
Frame_25 0.2369281 0.1111111 0.6290850 0.6617647 0.3153595 0.4607843 0.3006536 0.1405229
Frame_26 0.2532680 0.2058824 0.6290850 0.7320261 0.3316993 0.5359477 0.3202614 0.2532680
Frame_27 0.2843137 0.2385621 0.6258170 0.7042484 0.3349673 0.5457516 0.3202614 0.2696078
Frame_28 0.3676471 0.1454248 0.7336601 0.6274510 0.4493464 0.4509804 0.4460784 0.1617647
Frame_29 0.3937908 0.1584967 0.7075163 0.6470588 0.4542484 0.4673203 0.4575163 0.2075163
Frame_30 0.3839869 0.1764706 0.7254902 0.6683007 0.4558824 0.4836601 0.4607843 0.2254902
Frame_31 0.4150327 0.2075163 0.6862745 0.6405229 0.4509804 0.4950980 0.4673203 0.2401961
Frame_32 0.3986928 0.2173203 0.6960784 0.6601307 0.4526144 0.5098039 0.4656863 0.2614379
Frame_33 0.4035948 0.2500000 0.6960784 0.6895425 0.4395425 0.5261438 0.4673203 0.2892157
Frame_34 0.5130719 0.2843137 0.8071895 0.7140523 0.5539216 0.5473856 0.5833333 0.3235294
Frame_35 0.5163399 0.3022876 0.8120915 0.7303922 0.5686275 0.5588235 0.5784314 0.3382353
Frame_36 0.5212418 0.3186275 0.8137255 0.7238562 0.5637255 0.5653595 0.5816993 0.3529412
Frame_37 0.5179739 0.3300654 0.8071895 0.7336601 0.5588235 0.5800654 0.5718954 0.3676471
Frame_38 0.5310458 0.3496732 0.7794118 0.7254902 0.5555556 0.5882353 0.5784314 0.3627451
Frame_39 0.5261438 0.3431373 0.7924837 0.7320261 0.5637255 0.5816993 0.5718954 0.3578431
Frame_40 0.5277778 0.3431373 0.7875817 0.7303922 0.5620915 0.5866013 0.5767974 0.3660131
Frame_41 0.5098039 0.3153595 0.8120915 0.7418301 0.5620915 0.5751634 0.5735294 0.3692810
Frame_42 0.5261438 0.3349673 0.8153595 0.7385621 0.5702614 0.5702614 0.5784314 0.3676471
Frame_43 0.5277778 0.2973856 0.8071895 0.7500000 0.5702614 0.5751634 0.5931373 0.3562092
Frame_44 0.4918301 0.2957516 0.7614379 0.7107843 0.5310458 0.5163399 0.5637255 0.3431373
Frame_45 0.4738562 0.2826797 0.7549020 0.7075163 0.5179739 0.5228758 0.5571895 0.3104575
Frame_46 0.3513072 0.1552288 0.6601307 0.6307190 0.3954248 0.4444444 0.4281046 0.2009804
Frame_47 0.3447712 0.1323529 0.6633987 0.6241830 0.3937908 0.4346405 0.4232026 0.1764706
Frame_48 0.3382353 0.1241830 0.6454248 0.5833333 0.3954248 0.4150327 0.4150327 0.1568627
Frame_49 0.3284314 0.1013072 0.6405229 0.5653595 0.3905229 0.4003268 0.4101307 0.1405229
Frame_50 0.3137255 0.0898693 0.6666667 0.6062092 0.3790850 0.3937908 0.4068627 0.1209150
