Frame_1 0.1666667 0.3006536 0.4477124 0.8169935 0.4183007 0.5751634 0.3447712 0.3218954
Frame_2 0.1650327 0.2091503 0.4705882 0.7434641 0.4264706 0.5196078 0.3545752 0.2500000
Frame_3 0.1862745 0.1960784 0.4526144 0.6977124 0.4264706 0.5212418 0.3529412 0.2271242
Frame_4 0.1683007 0.1683007 0.4624183 0.6993464 0.4330065 0.4950980 0.3529412 0.2107843
Frame_5 0.2500000 0.0326797 0.5653595 0.6045752 0.5245098 0.4035948 0.4607843 0.0718954
Frame_6 0.2500000 0.0669935 0.5849673 0.6241830 0.5261438 0.4117647 0.4624183 0.0882353
Frame_7 0.2679739 0.0702614 0.5784314 0.6405229 0.5294118 0.4133987 0.4689542 0.1062092
Frame_8 0.2679739 0.0931373 0.5702614 0.6568627 0.5261438 0.4215686 0.4673203 0.1192810
Frame_9 0.2843137 0.1258170 0.6045752 0.7107843 0.5490196 0.4444444 0.4869281 0.1519608
Frame_10 0.2990196 0.1225490 0.6045752 0.6372549 0.5506536 0.4558824 0.5000000 0.1486928
Frame_11 0.3513072 0.0915033 0.6617647 0.6405229 0.6127451 0.4395425 0.5588235 0.1307190
Frame_12 0.3660131 0.0849673 0.6633987 0.6405229 0.6209150 0.4558824 0.5702614 0.1307190
Frame_13 0.3741830 0.1062092 0.6813725 0.6879085 0.6307190 0.4624183 0.5800654 0.1421569
Frame_14 0.3872549 0.1111111 0.6993464 0.7124183 0.6437908 0.4803922 0.6013072 0.1503268
Frame_15 0.4460784 0.2042484 0.7418301 0.7401961 0.6911765 0.5457516 0.6633987 0.2401961
Frame_16 0.4428105 0.1977124 0.7630719 0.7352941 0.7026144 0.5441176 0.6633987 0.2336601
Frame_17 0.4444444 0.1568627 0.7810458 0.8153595 0.7320261 0.5849673 0.7091503 0.1960784
Frame_18 0.4313725 0.1552288 0.7843137 0.8709150 0.7385621 0.5980392 0.7058824 0.2009804
Frame_19 0.3807190 0.1764706 0.7663399 0.8513072 0.7205882 0.6192810 0.6944444 0.2205882
Frame_20 0.4133987 0.1813725 0.7630719 0.8872549 0.7205882 0.6323529 0.6977124 0.2287582
Frame_21 0.3660131 0.1699346 0.7418301 0.9035948 0.6977124 0.6372549 0.6666667 0.2271242
Frame_22 0.3300654 0.1699346 0.7401961 0.9199346 0.6879085 0.6470588 0.6535948 0.2401961
Frame_23 0.3431373 0.1977124 0.7238562 0.9526144 0.6813725 0.6437908 0.6454248 0.2385621
Frame_24 0.3055556 0.2009804 0.7303922 0.9624183 0.6748366 0.6601307 0.6339869 0.2418301
Frame_25 0.3513072 0.3464052 0.6045752 0.8627451 0.5816993 0.6633987 0.5490196 0.3676471
Frame_26 0.3022876 0.3284314 0.6307190 0.8627451 0.5702614 0.6519608 0.5375817 0.3562092
Frame_27 0.3382353 0.3300654 0.5866013 0.8333333 0.5522876 0.6388889 0.5196078 0.3562092
Frame_28 0.2222222 0.3333333 0.4738562 0.8088235 0.4395425 0.6029412 0.3872549 0.3447712
Frame_29 0.1960784 0.2908497 0.4460784 0.7777778 0.4183007 0.5702614 0.3611111 0.3071895
Frame_30 0.1732026 0.2369281 0.4428105 0.7549020 0.4101307 0.5277778 0.3415033 0.2712418
Frame_31 0.1650327 0.2287582 0.4362745 0.7598039 0.4052288 0.5294118 0.3366013 0.2500000
Frame_32 0.0310458 0.0931373 0.3643791 0.6666667 0.3267974 0.4411765 0.2336601 0.1143791
Frame_33 0.0163399 0.0849673 0.3643791 0.6895425 0.3235294 0.4509804 0.2205882 0.1094771
Frame_34 0.0016340 0.0767974 0.3611111 0.7320261 0.3218954 0.4477124 0.2173203 0.1111111
Frame_35 0.0049020 0.0767974 0.3562092 0.8137255 0.3088235 0.4493464 0.2091503 0.1274510
Frame_36 0.0147059 0.0882353 0.3316993 0.8071895 0.2892157 0.4493464 0.2009804 0.1209150
Frame_37 0.0261438 0.0718954 0.4084967 0.7957516 0.3251634 0.4264706 0.2369281 0.1258170
Frame_38 0.2941176 0.0179739 0.6323529 0.6470588 0.5702614 0.3888889 0.5098039 0.0506536
Frame_39 0.3022876 0.0441176 0.6258170 0.5816993 0.5784314 0.3954248 0.5228758 0.0686275
Frame_40 0.4330065 0.1928105 0.7745098 0.7647059 0.6960784 0.5653595 0.6584967 0.2483660
Frame_41 0.4526144 0.2075163 0.7565359 0.7254902 0.6911765 0.5686275 0.6503268 0.2500000
Frame_42 0.2990196 0.2826797 0.6192810 0.9101307 0.5800654 0.6699346 0.5245098 0.3169935
Frame_43 0.0947712 0.1895425 0.4624183 0.8300654 0.4133987 0.5604575 0.2973856 0.2369281
Frame_44 0.0816993 0.1846405 0.4477124 0.8709150 0.4150327 0.5686275 0.3006536 0.2320261
Frame_45 0.0816993 0.1862745 0.4411765 0.8954248 0.4101307 0.5653595 0.2941176 0.2336601
Frame_46 0.0735294 0.1977124 0.4526144 0.9656863 0.4003268 0.5751634 0.2843137 0.2450980
Frame_47 0.0686275 0.2058824 0.4493464 0.9330065 0.4003268 0.5669935 0.2794118 0.2532680
Frame_48 0.0849673 0.2222222 0.4362745 0.9428105 0.3970588 0.5735294 0.2728758 0.2647059
Frame_49 0.1535948 0.3267974 0.4738562 0.8284314 0.4084967 0.6633987 0.3594771 0.3529412
Frame_50 0.2124183 0.1993464 0.5098039 0.7434641 0.4901961 0.5669935 0.4183007 0.2124183
