Frame_1 0.0016340 0.2009804 0.3169935 0.8954248 0.2810458 0.6683007 0.2303922 0.2385621
Frame_2 0.0049020 0.1584967 0.3366013 0.8692810 0.2908497 0.6356209 0.2483660 0.2026144
Frame_3 0.0081699 0.1486928 0.3382353 0.8529412 0.3055556 0.6111111 0.2565359 0.1846405
Frame_4 0.0212418 0.1356209 0.3464052 0.8464052 0.3169935 0.5915033 0.2696078 0.1568627
Frame_5 0.0114379 0.1127451 0.3562092 0.7859477 0.3267974 0.5898693 0.2761438 0.1372549
Frame_6 0.0114379 0.0849673 0.3627451 0.7957516 0.3349673 0.5751634 0.2875817 0.1176471
Frame_7 0.0310458 0.0457516 0.3823529 0.8398693 0.3496732 0.5571895 0.2957516 0.0947712
Frame_8 0.2598039 0.2843137 0.5751634 0.8349673 0.5457516 0.6830065 0.4689542 0.3039216
Frame_9 0.2663399 0.2908497 0.5980392 0.8578431 0.5522876 0.6960784 0.4885621 0.3300654
Frame_10 0.2924837 0.2892157 0.5947712 0.8627451 0.5620915 0.7058824 0.5049020 0.3316993
Frame_11 0.2908497 0.2663399 0.6307190 0.9428105 0.5669935 0.7075163 0.5147059 0.3284314
Frame_12 0.3006536 0.3071895 0.6225490 0.9101307 0.5669935 0.7222222 0.5375817 0.3447712
Frame_13 0.2941176 0.3349673 0.6078431 0.9362745 0.5669935 0.7483660 0.5294118 0.3725490
Frame_14 0.2875817 0.3529412 0.6192810 0.9117647 0.5555556 0.7369281 0.5294118 0.3856209
Frame_15 0.2745098 0.3758170 0.6160131 0.9084967 0.5620915 0.7500000 0.5359477 0.4035948
Frame_16 0.2875817 0.1437908 0.6290850 0.8398693 0.5816993 0.6633987 0.5767974 0.1960784
Frame_17 0.2957516 0.1290850 0.6454248 0.8660131 0.5800654 0.6388889 0.5849673 0.1732026
Frame_18 0.3186275 0.0898693 0.6388889 0.8153595 0.5866013 0.6029412 0.5964052 0.1584967
Frame_19 0.3186275 0.1225490 0.6617647 0.8366013 0.5849673 0.6094771 0.6062092 0.1535948
Frame_20 0.3022876 0.1241830 0.6650327 0.8578431 0.5882353 0.6111111 0.6160131 0.1535948
Frame_21 0.3137255 0.1225490 0.6781046 0.8284314 0.5849673 0.6160131 0.6241830 0.1584967
Frame_22 0.3218954 0.1274510 0.6617647 0.8823529 0.5947712 0.6274510 0.6274510 0.1584967
Frame_23 0.3039216 0.1290850 0.6813725 0.7990196 0.5882353 0.6241830 0.6323529 0.1633987
Frame_24 0.3071895 0.1454248 0.6830065 0.8300654 0.5849673 0.6372549 0.6307190 0.1715686
Frame_25 0.3692810 0.2058824 0.7009804 0.8545752 0.5931373 0.6633987 0.6535948 0.2352941
Frame_26 0.4199346 0.2679739 0.7581699 0.8382353 0.6813725 0.7091503 0.7091503 0.2973856
Frame_27 0.4248366 0.2320261 0.7777778 0.8218954 0.6911765 0.6846405 0.7222222 0.2679739
Frame_28 0.4330065 0.1552288 0.7728758 0.8366013 0.6977124 0.6781046 0.7336601 0.2320261
Frame_29 0.4264706 0.1535948 0.7908497 0.8055556 0.7026144 0.6715686 0.7434641 0.2058824
Frame_30 0.4493464 0.1421569 0.7973856 0.8071895 0.7075163 0.6601307 0.7500000 0.1879085
Frame_31 0.4346405 0.1225490 0.8235294 0.8366013 0.7156863 0.6584967 0.7532680 0.1764706
Frame_32 0.4362745 0.1192810 0.8022876 0.8267974 0.7189542 0.6650327 0.7581699 0.1650327
Frame_33 0.4428105 0.1127451 0.8055556 0.7843137 0.7173203 0.6715686 0.7565359 0.1617647
Frame_34 0.4150327 0.1160131 0.8202614 0.8055556 0.7336601 0.6732026 0.7614379 0.1568627
Frame_35 0.4297386 0.1372549 0.7941176 0.7908497 0.7254902 0.6977124 0.7614379 0.1617647
Frame_36 0.4362745 0.1192810 0.7892157 0.8202614 0.7303922 0.6911765 0.7549020 0.1568627
Frame_37 0.4330065 0.1127451 0.7908497 0.8153595 0.7320261 0.6862745 0.7516340 0.1470588
Frame_38 0.4003268 0.1111111 0.7924837 0.8137255 0.7385621 0.6928105 0.7549020 0.1339869
Frame_39 0.4297386 0.1045752 0.7875817 0.8300654 0.7352941 0.6911765 0.7549020 0.1290850
Frame_40 0.3986928 0.0637255 0.8300654 0.8382353 0.7467320 0.6928105 0.7598039 0.1274510
Frame_41 0.4215686 0.0898693 0.7908497 0.8251634 0.7450980 0.6944444 0.7549020 0.1339869
Frame_42 0.4395425 0.0980392 0.8022876 0.8284314 0.7450980 0.6944444 0.7598039 0.1323529
Frame_43 0.4460784 0.0980392 0.7990196 0.8137255 0.7467320 0.7042484 0.7549020 0.1372549
Frame_44 0.3741830 0.1078431 0.8235294 0.8366013 0.7598039 0.7091503 0.7598039 0.1437908
Frame_45 0.4101307 0.1601307 0.7859477 0.8169935 0.7434641 0.7238562 0.7500000 0.1879085
Frame_46 0.4035948 0.1797386 0.8006536 0.8480392 0.7516340 0.7352941 0.7418301 0.2222222
Frame_47 0.4035948 0.2189542 0.7941176 0.8937908 0.7385621 0.7794118 0.7205882 0.2549020
Frame_48 0.0947712 0.1601307 0.4183007 0.7761438 0.3709150 0.5866013 0.2957516 0.1830065
Frame_49 0.0751634 0.1535948 0.4084967 0.7761438 0.3643791 0.5735294 0.2859477 0.1666667
Frame_50 0.0784314 0.2696078 0.3970588 0.8137255 0.3513072 0.6633987 0.2892157 0.3022876
